86 90
85 91
85 90
86 89
86 88
86 88
86 89
86 90
57 71
57 71
50 70
49 69
52 68
59 69
64 69
60 70
64 61
58 61
50 61
47 60
52 59
57 59
65 60
65 61
57 66
59 67
54 67
50 66
54 65
65 66
65 66
60 66
86 81
86 82
86 81
86 80
86 80
86 80
86 80
86 81
112 63
112 64
112 64
112 62
112 62
112 62
112 63
112 63
148 60
148 60
147 60
147 59
147 58
147 58
147 59
148 59
109 72
109 72
109 71
108 70
108 69
108 70
109 70
109 71
87 87
86 88
86 89
86 89
86 89
86 88
86 87
86 88
86 89
87 89
86 89
86 88
59 69
54 69
46 70
46 71
51 70
61 69
65 69
60 69
59 70
60 71
62 70
64 70
57 59
53 59
52 61
54 61
61 60
68 59
59 59
53 59
51 60
52 61
59 60
67 59
56 64
49 65
46 66
50 66
61 66
65 65
57 64
54 65
59 66
64 66
64 66
60 65
86 82
86 83
86 84
86 85
84 84
84 83
86 82
86 83
86 84
86 85
86 84
86 83
107 65
106 66
106 67
106 68
106 67
106 66
106 65
106 66
106 67
106 68
106 67
106 66
146 58
145 59
145 60
145 61
145 60
145 59
145 59
145 59
145 60
145 61
145 60
145 59
110 68
110 68
110 69
110 70
110 69
110 68
110 68
110 68
110 69
110 70
110 69
110 68
86 79
86 80
86 81
86 80
86 79
86 80
86 81
86 80
56 63
43 64
43 66
50 64
56 63
53 64
54 66
56 64
49 59
44 60
47 61
54 60
48 59
43 60
43 61
51 60
51 70
41 71
44 73
56 71
48 70
50 71
57 73
59 71
86 90
86 92
86 93
84 92
86 91
86 92
86 93
86 92
97 71
97 73
97 74
97 73
97 71
97 73
97 74
97 73
130 59
130 60
130 62
130 60
130 59
130 60
130 62
130 60
100 62
100 64
100 65
100 64
100 62
100 64
101 65
100 64
71 84
55 80
65 79
62 98
99 116
91 146
94 172
85 159
90 171
91 185
94 193
55 70
54 81
65 84
67 92
86 107
62 132
40 174
36 165
28 184
31 190
27 183
61 69
56 90
48 86
39 79
17 85
18 103
22 131
0 145
0 166
0 162
0 158
73 82
68 90
43 83
24 65
9 61
2 75
0 90
0 130
0 132
0 137
0 136
98 69
104 67
93 60
78 55
55 49
66 61
51 76
50 108
43 108
38 111
43 114
142 60
130 62
134 56
152 59
97 57
106 72
129 86
118 108
115 117
109 115
101 119
126 69
112 80
138 70
147 73
129 81
154 102
172 115
168 119
159 144
145 141
147 145
96 90
96 88
108 73
107 89
108 106
131 132
138 150
138 138
142 155
148 166
146 169
59 75
56 75
57 74
58 74
61 75
65 75
57 76
52 76
53 76
55 75
61 75
63 76
76 91
67 92
65 92
73 92
82 91
80 91
92 88
92 88
92 88
92 88
92 88
92 88
124 74
124 74
124 74
123 74
124 74
124 74
120 74
120 74
120 74
120 74
120 74
120 74
89 88
89 88
89 88
89 88
89 88
89 88
75 89
66 89
64 89
71 89
81 89
79 89
96 102
96 99
91 94
88 91
88 92
87 94
86 95
86 96
59 85
54 82
49 77
52 74
55 73
54 74
51 74
50 74
43 66
56 64
54 60
29 58
29 58
34 59
32 60
36 61
49 60
49 58
47 58
33 57
40 58
51 59
47 62
54 63
75 70
79 70
78 71
83 72
84 74
85 70
87 73
86 80
113 58
109 65
104 74
102 81
103 79
106 74
110 69
114 66
166 56
157 61
143 67
135 70
137 69
143 67
150 64
155 63
137 75
135 75
128 75
124 74
123 75
121 75
119 75
116 75
87 131
51 114
41 104
47 109
86 127
105 111
143 104
111 112
77 83
78 81
75 79
69 76
60 75
55 75
57 78
61 80
69 82
68 68
71 67
74 65
70 64
50 63
44 63
45 65
42 66
45 67
67 66
72 67
71 66
68 66
53 65
44 65
45 65
42 66
48 66
73 79
78 81
77 81
66 81
66 80
49 81
47 80
52 79
66 79
89 81
87 83
86 84
86 85
85 85
86 84
87 84
88 82
89 81
120 66
117 67
115 67
113 67
112 67
113 67
116 66
118 66
121 66
127 66
123 65
121 64
119 63
118 62
119 63
122 64
124 65
127 65
95 80
93 79
93 77
92 75
91 75
92 75
93 77
94 78
95 80
66 78
72 85
63 82
40 76
42 73
47 72
53 73
62 75
68 76
57 72
60 64
54 61
48 64
51 69
74 91
70 87
67 80
45 69
38 64
47 71
62 81
93 115
76 110
73 101
83 87
84 71
90 71
91 79
95 96
83 120
89 102
107 74
124 57
128 59
127 66
121 82
90 96
108 84
144 67
152 61
142 64
130 69
90 81
96 82
102 77
109 75
110 80
104 83
96 86
80 94
79 84
81 86
81 93
65 95
64 91
66 89
90 92
96 90
60 90
16 74
33 81
46 81
65 76
61 80
33 68
19 66
29 71
33 68
53 63
57 65
48 60
30 73
15 72
27 69
61 64
49 64
58 70
89 84
62 80
67 83
83 80
80 76
98 87
123 68
104 69
98 73
105 67
99 69
123 74
144 69
151 62
140 63
147 60
142 60
140 73
106 85
123 74
123 70
119 71
129 69
96 84
58 93
93 97
94 90
86 90
86 87
82 98
77 115
81 121
77 117
87 107
58 72
57 70
46 78
38 92
25 98
17 93
26 84
44 63
60 64
55 66
42 70
26 73
22 71
29 66
60 71
59 75
41 70
24 63
18 63
10 62
27 63
86 89
86 94
84 85
75 71
77 67
76 70
84 75
108 70
102 74
115 67
134 57
140 55
136 57
127 60
144 63
135 64
154 64
183 66
190 67
185 66
172 64
107 72
103 70
116 78
136 91
142 97
137 93
127 84
53 75
49 76
50 79
84 88
95 94
95 93
75 84
52 75
57 77
65 76
69 81
60 86
70 88
60 83
57 90
55 90
75 91
83 94
55 97
57 100
44 97
90 85
89 84
97 118
82 121
43 109
40 95
67 100
125 71
124 70
95 101
82 136
74 108
66 88
101 83
124 72
124 71
115 85
74 109
87 100
103 71
124 75
93 88
95 87
87 82
84 86
96 84
99 82
96 83
77 90
65 90
74 93
70 80
82 86
88 92
91 98
55 75
70 76
80 71
93 73
96 69
100 73
121 76
100 101
80 87
62 85
53 79
60 70
69 70
60 72
76 90
73 84
93 65
103 99
99 85
85 82
56 80
54 77
74 83
67 78
74 85
84 71
84 67
99 68
75 99
106 74
78 89
50 90
72 91
89 96
82 97
89 83
120 58
102 56
74 80
85 74
79 75
75 105
87 101
90 93
109 79
95 85
127 68
110 64
107 65
75 70
96 59
73 86
98 82
104 83
116 78
131 72
129 72
123 72
97 85
100 77
106 52
82 63
101 70
138 73
135 74
125 74
95 81
104 75
96 91
109 72
116 64
121 53
102 71
144 67
109 83
100 81
92 85
77 93
86 93
78 83
109 67
122 61
104 72
107 65
121 85
89 101
79 98
75 95
57 78
53 81
61 82
54 82
60 80
74 78
65 74
58 79
57 79
54 78
75 78
54 76
61 72
62 73
54 94
53 93
71 91
81 94
73 90
49 85
53 88
87 92
85 98
86 107
96 119
77 114
73 109
92 100
115 75
106 79
98 86
89 105
87 105
94 97
110 83
120 72
126 72
131 74
108 87
105 86
116 82
123 77
92 85
96 81
99 78
88 80
90 78
93 79
87 83
79 91
79 97
78 94
77 90
78 87
78 89
78 92
50 88
60 96
67 101
82 104
96 84
90 80
78 78
65 76
61 78
61 89
67 89
67 86
68 75
69 75
61 75
58 76
54 82
57 79
57 78
53 79
69 82
53 85
47 87
55 90
82 99
63 85
53 84
43 85
62 101
49 106
61 107
88 95
90 89
86 103
85 102
78 102
74 111
85 99
97 86
113 78
124 74
97 89
102 86
108 83
93 88
110 80
129 75
123 74
114 75
131 77
138 76
144 76
107 74
100 76
96 79
91 85
79 91
110 80
105 83
109 87
87 80
86 88
87 95
83 91
86 80
85 80
86 78
86 77
86 78
86 79
53 59
50 59
44 57
48 56
59 57
58 58
59 46
48 46
41 45
45 44
55 45
61 45
53 49
54 49
45 49
49 48
62 48
58 48
86 66
86 67
86 66
86 65
86 65
86 66
114 49
113 49
113 49
113 48
113 48
113 48
155 46
155 47
155 45
154 44
154 45
155 45
115 59
114 59
114 57
114 56
114 57
114 58
86 57
86 56
86 53
86 50
86 48
86 51
86 55
62 42
60 41
55 39
58 37
65 36
79 38
71 41
67 44
58 44
57 44
66 44
63 44
68 44
74 44
63 61
61 62
56 59
57 50
65 64
80 66
72 63
86 83
86 76
86 53
86 45
86 59
86 89
86 86
88 61
86 62
81 59
77 50
75 64
78 66
85 63
116 44
113 44
107 44
100 44
97 44
102 44
111 44
88 42
86 41
82 39
77 37
75 36
78 38
85 40
